1101
1102
1103
1104
1105
1106
1201
1202
1203
1204
1205
1206
1301
1302
1303
1304
1305
1306
1307
1401
1402
1403
1404
1405
1406
1407
1408
1409
1410
1411
1412
1413
1414
1415
1416
1501
1502
1503
1504
1505
1506
1507
1601
1602
1603
1604
1605
1606
1607
1608
1609
1610
1611
1701
1702
1703
1704
1705
1706
1801
1802
1803
1804
1805
1806
1807
1808
1901
1902
1903
1904
1905
1906
1907
1908
1909
1910
1911
1912
1913
2001
2002
2003
2004
2005
2006
2007
2008
2009
2010
2011
2101
2102
2103
2104
2105
2106
2107
2108
2201
2202
2203
2204
2205
2206
2207
2208
2209
2210
2301
2302
2303
2304
2305
2306
2307
2401
2402
2403
2404
2405
2406
2407
2408
2409
2410
2411
2501
2502
2503
2506
2507
2508
2509
2601
2602
2603
2604
2701
2702
2703
2704
2705
2706
2707
2708
2709
3001
3002
3003
3004
3005
3006
3007
3008
3009
3010
3011
3012
3013
3014
3015
3016
3017
3018
3019
3020
3021
3022
3023
3024
3025
3026
3027
3028
3029
3030
3031
3032
3101
3102
3103
3104
3105
3106
3107
3108
3109
3110
3111
3112
3113
3114
3115
3116
3117
3118
3119
3120
3121
3122
3123
3201
3202
3203
3204
3205
3206
3207
3208
3209
3210
3211
3212
3213
3214
3215
3216
3217
3301
3302
3303
3304
3305
3306
3307
3308
3309
3310
3311
3312
3313
3314
3315
3316
3317
3318
3319
3320
3321
3322
3401
3402
3403
3404
3405
3407
3408
3409
3410
3411
3412
3414
3415
3419
3420
3421
3422
3424
3425
3426
3429
3430
3431
3432
3433
3501
3502
3503
3504
3505
3506
3507
3508
3509
3601
3602
3603
3604
3605
3606
3607
3608
3609
3610
3611
3612
3613
3614
3615
3616
3701
3702
3703
3704
3705
3706
3707
3901
3902
3903
3904
3905
3906
4001
4002
4003
4004
4005
4006
4007
4008
4009
4010
4011
4012
4013
4014
4015
4016
4017
4018
4019
4020
4021
4022
4023
4024
4025
4029
4101
4102
4103
4104
4105
4106
4107
4108
4109
4110
4111
4117
4118
4119
4120
4121
4122
4123
4124
4125
4201
4202
4203
4204
4205
4206
4207
4208
4209
4210
4211
4212
4213
4214
4301
4302
4303
4304
4305
4306
4307
4308
4309
4310
4311
4312
4313
4314
4315
4316
4317
4401
4402
4403
4404
4405
4406
4407
4408
4409
4410
4411
4412
4413
4501
4502
4503
4504
4505
4506
4507
4508
4509
4510
4511
4512
4513
4514
4515
4516
4517
4518
4519
4520
4601
4602
4603
4604
4605
4606
4607
4608
4609
4610
4611
4612
4613
4614
4615
4616
4617
4618
4701
4702
4703
4704
4705
4706
4707
4708
4709
4710
4711
4712
4713
4714
4715
4716
4717
4718
4801
4802
4803
4804
4805
4806
4807
4808
4809
4810
4811
4812
4901
4902
4903
4904
4905
4906
4907
5001
5002
5003
5004
5005
5006
5007
5008
5009
5010
5011
5012
5013
5014
5015
5016
5017
5018
5019
5020
5021
5022
5023
5024
5101
5102
5103
5104
5105
5106
5107
5108
5201
5202
5203
5204
5205
5206
5207
5208
5209
5210
5211
5212
5213
5301
5302
5303
5304
5305
5306
5307
5308
5309
5401
5402
5403
5404
5405
5406
5407
5408
5501
5502
5503
5504
5505
5506
5507
5508
5509
5510
5511
5512
5513
5514
5515
5601
5602
5603
5604
5605
5606
5607
5608
5609
5701
5702
5703
5704
5705
5706
5707
5708
5709
5710
5711
5712
5713
5714
5715
5716
5717
5718
5801
5802
5803
5804
5805
5806
5807
6001
6002
6003
6004
6005
6006
6007
6008
6009
6010
6011
6012
6013
6014
6015
6101
6102
6103
6104
6105
6106
6107
6108
6201
6202
6203
6204
6205
6206
6207
6208
6209
6210
6211
6301
6302
6303
6304
6305
6306
6307
6308
6309
6401
6402
6403
6404
6405
6406
6407
6408
6409
6501
6502
6503
6504
6505
6506
6507
6508
6509
6601
6602
6603
6604
6605
6606
6607
6608
6609
6610
6611
6612
6701
6702
6703
6704
6705
6706
6707
6708
6709
6710
6711
7001
7002
7003
7004
7005
7006
7007
7008
7009
7010
7101
7102
7103
7104
7105
7106
7107
7108
7109
7110
7111
7112
7113
7201
7202
7203
7204
7205
7206
7207
7208
7209
7210
7301
7302
7303
7304
7305
7306
7307
7401
7402
7403
7501
7502
7503
7601
7602
7603
7604
7605
7606
7607
7608
7701
7702
7703
7704
7705
7706
7707
7708
8001
8002
8003
8004
8005
8006
8007
8008
8009
8010
8011
8012
8013
8014
8015
8016
8017
8018
8019
8020
8021
8022
8023
8101
8102
8103
8104
8105
8106
8107
8108
8201
8202
8203
8204
8205
8206
8207
8208
8301
8302
8303
8401
8402
8403
8404
8405
8406
8407
8408
8409
8410
8411
8412
8413
8414
8415
8416
8417
8418
8419
8501
8502
8503
8504
8505
8601
8602
8603
8604
8605
8606
8607
8608
9001
9002
9003
9004
9005
9006
9007
9008
9009
9010
9011
9012
9013
9014
9015
9016
9101
9102
9103
9104
9105
9106
9107
9201
9202
9203
9204
9205
9206
9207
9208
9209
9210
9301
9302
9303
9304
9305
9306
9307
9308
9309
9310
9311
9401
9402
9403
9404
9405
9406
9407
9408
9409
9410
9411
9412
9501
9502
9503
9504
9505
9506
9507
9508
9601
9602
9603
9604
9605
9606
9607
9608
9609
9610
9611
9612
9613
